1
0

------------------
2
00
11

-----------------
3
000
011
110

-----------------
4
0000
0011
0110
1100
1111

----------------

5
00000
00011
00110
01100
01111
11000
11011
11110

-----------------
6
000000
000011
000110
001100
001111
011000
011011
011110
110000
110011
110110
111100
111111

------------------------
7
0000000
0000011
0000110
0001100
0001111
0011000
0011011
0011110
0110000
0110011
0110110
0111100
0111111
1100000
1100011
1100110
1101100
1101111
1111000
1111011
1111110

--------------------------
8
00000000
00000011
00000110
00001100
00001111
00011000
00011011
00011110
00110000
00110011
00110110
00111100
00111111
01100000
01100011
01100110
01101100
01101111
01111000
01111011
01111110
11000000
11000011
11000110
11001100
11001111
11011000
11011011
11011110
11110000
11110011
11110110
11111100
11111111